beak.before,beak.after,condition,hematocrit,PHA.assay,diptheria.assay,tetanus.assay,body.mass1,0.987,0.387,0.115,0.178,0.252,0.635,0.0940.987,1,0.292,-0.073,0.239,0.311,0.75,-0.0030.387,0.292,1,0.516,0.226,0.058,0.47,0.890.115,-0.073,0.516,1,0.082,0.364,0.646,0.4240.178,0.239,0.226,0.082,1,-0.538,-0.281,0.0790.252,0.311,0.058,0.364,-0.538,1,0.978,-0.0750.635,0.75,0.47,0.646,-0.281,0.978,1,0.3980.094,-0.003,0.89,0.424,0.079,-0.075,0.398,1