"Z.Z.5.9.C25.2","Z.9.C25.1","Z.9.C26.1","X2.ME.C26","Z.Z.5.9.C27.2","X2.ME.C28","Z.Z.5.9.C29.2","X2.ME.C30"
1,0.776469753452087,0.780972077903358,0.454971067560942,0.766984072451281,0.364104256936631,0.933388725297508,0.329088875962031
0.776469753452087,1,0.799423951723002,0.357146005382139,0.591092697895801,0.511356667299192,0.39014634950605,0.669103049770345
0.780972077903358,0.799423951723002,1,0.47918616408241,0.815347750295591,0.483882412568505,1.13331906993743,0.383175864353678
0.454971067560942,0.357146005382139,0.47918616408241,1,0.499070893762986,0.998667860172995,1.32670840865861,1.00110596590534
0.766984072451281,0.591092697895801,0.815347750295591,0.499070893762986,1,0.422164677353965,0.995455013708035,0.321658912696353
0.364104256936631,0.511356667299192,0.483882412568505,0.998667860172995,0.422164677353965,1,1.23186170598953,3.06450982144457
0.933388725297508,0.39014634950605,1.13331906993743,1.32670840865861,0.995455013708035,1.23186170598953,1,0.94278045028463
0.329088875962031,0.669103049770345,0.383175864353678,1.00110596590534,0.321658912696353,3.06450982144457,0.94278045028463,1
