"Z.Z.5.9.C25.2","Z.9.C25.1","Z.9.C26.1","X2.ME.C26","Z.Z.5.9.C27.2","X2.ME.C28","Z.Z.5.9.C29.2","X2.ME.C30"
1,0.776583172931119,0.781074948291151,0.455602971821444,0.767064907353055,0.36426318502783,0.933477249053397,0.329302292872512
0.776583172931119,1,0.799469757098036,0.357218272886263,0.591071920985905,0.511465721824101,0.390108388294624,0.669103049770345
0.781074948291151,0.799469757098036,1,0.479141100259102,0.81524241624507,0.484006436498481,1.13310222838418,0.383367482469991
0.455602971821444,0.357218272886263,0.479141100259102,1,0.499122034787684,0.998769124405419,1.32657932002696,1.00110596590534
0.767064907353055,0.591071920985905,0.81524241624507,0.499122034787684,1,0.422253484185937,0.995323169165797,0.321786787521192
0.36426318502783,0.511465721824101,0.484006436498481,0.998769124405419,0.422253484185937,1,1.23174184593515,1.01267952114832
0.933477249053397,0.390108388294624,1.13310222838418,1.32657932002696,0.995323169165797,1.23174184593515,1,0.942688717815399
0.329302292872512,0.669103049770345,0.383367482469991,1.00110596590534,0.321786787521192,1.01267952114832,0.942688717815399,1
