no.outer.bracts,no.inner.bracts,no.bracts,no.florets.per.head,length.of.parastiches,no.intermediate.achenes,percentage.of.peripheral.achenes,percentage.of.intermediate.achenes,percentage.of.central.achenes1,0.39,0.95,0.61,0.47,0.05,-0.6,-0.09,0.460.39,1,0.66,0.06,-0.16,0.28,-0.23,0.27,-0.10.95,0.66,1,0.55,0.34,0.006,-0.52,0.03,-0.030.61,0.06,0.55,1,0.96,-0.12,-0.7,-0.19,0.880.47,-0.16,0.34,0.96,1,-0.18,-0.6,-0.25,0.890.05,0.28,0.006,-0.12,-0.18,1,-0.2,0.99,-0.73-0.6,-0.23,-0.52,-0.7,-0.6,-0.2,1,-0.13,-0.52-0.09,0.27,0.03,-0.19,-0.25,0.99,-0.13,1,-0.770.46,-0.1,-0.03,0.88,0.89,-0.73,-0.52,-0.77,1