corolla.tube.length,corolla.limb.width,corolla.mouth.diameter,nectar.concentration,log.nectar.volume,log.total.energy1,0.2641,0.0066,-0.2719,0.0715,-0.0160.2641,1,0.5912,0.0204,0.108,0.08610.0066,0.5912,1,0.0782,0.1777,0.2878-0.2719,0.0204,0.0782,1,0.1483,0.19330.0715,0.108,0.1777,0.1483,1,0.8926-0.016,0.0861,0.2878,0.1933,0.8926,1