Z.Z.5.9.C25.2,Z.9.C25.1,Z.9.C26.1,X2.ME.C26,Z.Z.5.9.C27.2,Z.Z.5.9.C29.2,X2.ME.C301,0.70979541,-0.744065915,-0.334730964,0.67069362,-1.759469843,-1.5441760640.70979541,1,-1.477408827,0.260316549,-0.151185789,0.981495458,0.307920144-0.744065915,-1.477408827,1,-0.534158289,0.698010061,-1.466063472,-1.895516409-0.334730964,0.260316549,-0.534158289,1,-0.553446042,1.189826153,1.9412953020.67069362,-0.151185789,0.698010061,-0.553446042,1,-0.300049599,-0.145478593-1.759469843,0.981495458,-1.466063472,1.189826153,-0.300049599,1,1.75-1.544176064,0.307920144,-1.895516409,1.941295302,-0.145478593,1.75,1