"Z.Z.5.9.C25.2","Z.9.C25.1","Z.9.C26.1","X2.ME.C26","Z.Z.5.9.C27.2","X2.ME.C28","Z.Z.5.9.C29.2","X2.ME.C30"
1,1.03882318274848,0.727803711816268,0.0394419014215739,0.842115047965951,0.716659952854937,0.0212282808694042,0.795613684106824
1.03882318274848,1,0.200573889271438,0.15023492575084,0.846025826009976,0.900243595220001,0.0206639439449976,0.856623343581687
0.727803711816268,0.200573889271438,1,0.416125189288239,0.60380736442456,0.748056488052052,0.0209034400934469,0.825968538126015
0.0394419014215739,0.15023492575084,0.416125189288239,1,0.29397356096332,0.379567051052985,0.0109600444367328,-0.0938905053626041
0.842115047965951,0.846025826009976,0.60380736442456,0.29397356096332,1,0.780972776901263,0.0292101067625343,0.822289509770609
0.716659952854937,0.900243595220001,0.748056488052052,0.379567051052985,0.780972776901263,1,0.0254226606715911,0.898368085692777
0.0212282808694042,0.0206639439449976,0.0209034400934469,0.0109600444367328,0.0292101067625343,0.0254226606715911,1,0.0256035975227311
0.795613684106824,0.856623343581688,0.825968538126015,-0.0938905053626041,0.822289509770609,0.898368085692777,0.0256035975227311,1
