abdomen.length,thorax.length,gential.length,hind-femur.length,mid-femur.length,fore-femur.length,fore-femur.width1,0.99,-0.07,0.8,0.91,0.78,0.960.99,1,0.28,0.92,1.02,0.91,0.96-0.07,0.28,1,0.31,0.31,0.11,0.490.8,0.92,0.31,1,0.99,1.14,0.70.91,1.02,0.31,0.99,1,1.04,0.750.78,0.91,0.11,1.14,1.04,1,0.770.96,0.96,0.49,0.7,0.75,0.77,1