development.time,adult.weight,daily.fecundity.1,daily.fecundity.2,daily.fecundity.3,daily.fecundity.4,total.offspring1,-0.816,-0.856,-0.688,-0.661,0.159,-0.739-0.816,1,1.323,0.972,1.459,0.251,1.56-0.856,1.323,1,0.673,0.607,-0.168,0.655-0.688,0.972,0.673,1,0.769,0.051,0.872-0.661,1.459,0.607,0.769,1,0.586,0.980.159,0.251,-0.168,0.051,0.586,1,0.553-0.739,1.56,0.655,0.872,0.98,0.553,1