means,ventralscales,subcaudalscales,midbodydorsalscales,infralabialscales,supralabialscales,postocularscales172.422,9.055,2.112,0.382,0.41,0.105,-0.24790.535,2.112,9.5,0.211,0.199,-0.066,-0.04820.151,0.382,0.211,0.51,-0.025,-0.004,-0.07620.004,0.41,0.199,-0.025,0.049,-0.031,0.03615.879,0.105,-0.066,-0.004,-0.031,0.027,0.0275.92,-0.247,-0.048,-0.076,0.036,0.027,-0.015