means,ventralscales,subcaudalscales,midbodydorsalscales,infralabialscales,supralabialscales,postocularscales151.728,6.877,0.189,-0.035,1.147,0.296,-0.03771.247,0.189,7.8,-0.022,0.032,0.117,-0.11318.92,-0.035,-0.022,0.007,0.044,0.105,0.02618.745,1.147,0.032,0.044,0.359,0.468,015.08,0.296,0.117,0.105,0.468,0.366,0.0495.715,-0.037,-0.113,0.026,0,0.049,0.098