means,ventralscales,subcaudalscales,midbodydorsalscales,infralabialscales,supralabialscales,postocularscales167.52,8.172,3.779,0.088,0.652,0.066,0.11550.589,3.779,8.159,0.284,0.238,0.225,0.17320.486,0.088,0.284,0.271,0.079,0.046,-0.09720.159,0.652,0.238,0.079,0.025,-0.016,0.0315.876,0.066,0.225,0.046,-0.016,0.024,0.0216.085,0.115,0.173,-0.097,0.03,0.021,0.088