means,femaleCV1,femaleCV2,femaleCV3,femaleCV4,maleCV1,maleCV2,maleCV3,maleCV40,81.09,13.46,24.402,-20.48,55.586,11.915,-9.029,-6.0520,13.46,13.58,-5.238,-4.23,10.799,0.015,-5.665,-2.1830,24.402,-5.238,20.956,-6.756,15.854,7.237,0.112,-2.7630,-20.48,-4.23,-6.756,9.932,-16.689,-5.174,1.966,3.0980,55.586,10.799,15.854,-16.689,49.147,9.173,-3.684,-5.6620,11.915,0.015,7.237,-5.174,9.173,5.751,-1.163,-3.6090,-9.029,-5.665,0.112,1.966,-3.684,-1.163,4.216,1.1470,-6.052,-2.183,-2.763,3.098,-5.662,-3.609,1.147,7.364