means,femaleCV1,femaleCV2,femaleCV3,femaleCV4,maleCV1,maleCV2,maleCV3,maleCV40,32.945,7.548,-2.516,-0.884,1.123,0.609,-0.322,-1.4130,7.548,8.235,-0.746,-1.421,0.569,2.331,-0.389,-0.410,-2.516,-0.746,1.497,0.055,-2.204,-1.206,0.912,1.6530,-0.884,-1.421,0.055,4.066,-4.424,-1.827,-1.726,1.3190,1.123,0.569,-2.204,-4.424,23.49,4.01,4.971,-2.5780,0.609,2.331,-1.206,-1.827,4.01,4.615,-3.289,-2.8210,-0.322,-0.389,0.912,-1.726,4.971,-3.289,7.634,2.290,-1.413,-0.41,1.653,1.319,-2.578,-2.821,2.29,3.412