means,duration,mean.pitch,frequency.modulation,entropy,pitch.goodness,mean.frequency,amplitude.modulation,amplitude149,0.137445,-0.039702353,-0.100506934,-0.066215107,0.027246468,0.02151611,-0.086645898,0.0237505141134,-0.039702353,0.072765,0.062488719,0.047530134,-0.05142036,0.006915211,0.047854757,-0.01873730435.5,-0.100506934,0.062488719,0.149564,0.055499832,-0.052292597,-0.008537228,0.108649504,-0.046071257-2.38,-0.066215107,0.047530134,0.055499832,0.057784,-0.009385307,0.0327804,0.038205804,-0.010122277463,0.027246468,-0.05142036,-0.052292597,-0.009385307,0.082416,0.068177845,-0.056839435,0.0234541753485,0.02151611,0.006915211,-0.008537228,0.0327804,0.068177845,0.126772,-0.037726451,0.02204086625.1,-0.086645898,0.047854757,0.108649504,0.038205804,-0.056839435,-0.037726451,0.09165,-0.01906745947.8,0.023750514,-0.018737304,-0.046071257,-0.010122277,0.023454175,0.022040866,-0.019067459,0.129532