means,VB1,VB2,VB3,VB4,VB5,VB6,VB7,VB8-2.14,0.1426,-0.02344964,0.0451162,0.007772386,-0.015409165,0.011748824,-0.100829708,-0.028984914-5.33,-0.02344964,0.031122,0.023339379,-0.008223186,-0.022847995,0.006714315,0.000364747,-0.0100530571.93,0.0451162,0.023339379,0.113904,-0.076308998,-0.005269188,0.057395161,-0.066788949,-0.0197370581.23,0.007772386,-0.008223186,-0.076308998,0.091616,-0.031253607,-0.035200091,0.014483082,0.0042743970.76,-0.015409165,-0.022847995,-0.005269188,-0.031253607,0.125905,0.061522047,0.031651096,-0.0081352490.7,0.011748824,0.006714315,0.057395161,-0.035200091,0.061522047,0.091242,-0.019538977,-0.0084309591.09,-0.100829708,0.000364747,-0.066788949,0.014483082,0.031651096,-0.019538977,0.087241,0.0227692420.95,-0.028984914,-0.010053057,-0.019737058,0.004274397,-0.008135249,-0.008430959,0.022769242,0.027602