means,songduration,longchirpduartion,longchirppulseduration,shortchirppulseduration,shortchirptotalduration,shortchirpchirpduration,shortchirpchirpinterval,shortchirppulseduartion,shortchirppulseinterval1747.81,25.28,4.155758783,-6.320166398,8.78264434,12.09778107,-10.13203741,7.990474719,-6.092108868,3.100757471327.88,4.155758783,26.52,-2.449969895,10.38164909,2.667774262,-1.357810828,6.841066308,1.169949599,10.9463560938.6,-6.320166398,-2.449969895,19.05,-8.773876728,-5.095966359,9.576303189,-3.497821854,7.648022007,-2.91031589531.43,8.78264434,10.38164909,-8.773876728,32.8,5.677725138,-10.85793112,11.34207804,4.806915138,10.326958771426.69,12.09778107,2.667774262,-5.095966359,5.677725138,27.66,-5.645799042,4.671991258,-4.912082989,1.30066728694.84,-10.13203741,-1.357810828,9.576303189,-10.85793112,-5.645799042,39.41,-10.77825556,7.830951754,-1.5525419685.18,7.990474719,6.841066308,-3.497821854,11.34207804,4.671991258,-10.77825556,29.52,-3.895667399,10.5964223832.66,-6.092108868,1.169949599,7.648022007,4.806915138,-4.912082989,7.830951754,-3.895667399,17.7,0.15804505711.89,3.100757471,10.94635609,-2.910315895,10.32695877,1.300667286,-1.55254196,10.59642238,0.158045057,39.2