means,songduration,longchirpduartion,longchirppulseduration,shortchirppulseduration,shortchirptotalduration,shortchirpchirpduration,shortchirpchirpinterval,shortchirppulseduartion,shortchirppulseinterval1370.65,32.67,15.1623842,5.14404,8.80725936,16.85329837,5.76894174,10.78335652,1.601040292,4.359731058391.86,15.1623842,48.99,0.523718715,18.58008998,13.81471169,8.104763387,2.012126259,-0.554072933,10.9955346538.29,5.14404,0.523718715,17.28,-3.437288622,5.92835876,4.544396343,8.016976146,5.872590479,-5.81522347736.08,8.80725936,18.58008998,-3.437288622,37.24,7.142310134,4.21344,4.765720188,-0.829904743,14.04327309978.7,16.85329837,13.81471169,5.92835876,7.142310134,36.21,5.799356484,11.06621573,2.381757173,0.78336248879.22,5.76894174,8.104763387,4.544396343,4.21344,5.799356484,22.99,5.569767706,4.885643916,2.61454449694.57,10.78335652,2.012126259,8.016976146,4.765720188,11.06621573,5.569767706,31.34,4.852057949,3.30703014732.94,1.601040292,-0.554072933,5.872590479,-0.829904743,2.381757173,4.885643916,4.852057949,16.48,-2.23998337514.27,4.359731058,10.99553465,-5.815223477,14.04327309,0.783362488,2.614544496,3.307030147,-2.239983375,42.14